created conda Environment

preprocessing the data based on notes, roots, and style

example:

First piece notes: [[  0   8  30  70]
 [  0   8  37  71]
 [  0   8  42  63]
 [  0   8  44  66]
 [  0   8  49  89]
 [  0   8  56  90]
 [  8  16  32  74]
 [  8  16  39  62]
 [  8  16  44  67]
 [  8  16  47  76]
 [  8  16  51  87]
 [  8  16  56  98]
 [ 16  24  35  90]
 [ 16  24  42  70]
 [ 16  24  47  87]
 [ 16  24  49  99]
 [ 16  24  54 110]
 [ 24  32  28  91]
 [ 24  32  40  78]
 [ 24  32  42  93]
 [ 24  32  47  98]
 [ 24  32  54  91]]
First piece roots: [[ 6  6  6  6  6  6  6  6]
 [ 8  8  8  8  8  8  8  8]
 [11 11 11 11 11 11 11 11]
 [ 4  4  4  4  4  4  4  4]]
First piece style: unknown
First piece notes: [[  0   8  30  70]
 [  0   8  37  71]
 [  0   8  42  63]
 [  0   8  44  66]
 [  0   8  49  89]
 [  0   8  56  90]
 [  8  16  32  74]
 [  8  16  39  62]
 [  8  16  44  67]
 [  8  16  47  76]
 [  8  16  51  87]
 [  8  16  56  98]
 [ 16  24  35  90]
 [ 16  24  42  70]
 [ 16  24  47  87]
 [ 16  24  49  99]
 [ 16  24  54 110]
 [ 24  32  28  91]
 [ 24  32  40  78]
 [ 24  32  42  93]
 [ 24  32  47  98]
 [ 24  32  54  91]]
First piece roots: [[ 6  6  6  6  6  6  6  6]
 [ 8  8  8  8  8  8  8  8]
 [11 11 11 11 11 11 11 11]
 [ 4  4  4  4  4  4  4  4]]
